0	-40.670116	0.007546	503.144653
1	-39.503250	0.008984	452.830200
2	-42.960449	0.005763	855.345886
3	-41.434681	0.007228	452.830200
4	-43.496559	0.005423	654.088074
5	-44.751202	0.004898	654.088074
6	-46.434059	0.003930	855.345886
7	-45.909481	0.004125	452.830200
8	-45.554585	0.004247	704.402527
9	-45.809189	0.004147	654.088074
10	-46.531933	0.003685	855.345886
11	-48.954437	0.002738	754.716980
12	-45.203186	0.004342	654.088074
13	-41.226009	0.007225	503.144653
14	-40.579494	0.007377	654.088074
15	-41.485020	0.006524	503.144653
16	-42.516033	0.006105	301.886780
17	-42.799923	0.006214	301.886780
18	-44.032814	0.005432	352.201263
19	-45.095387	0.004728	452.830200
20	-44.400463	0.005021	402.515717
21	-47.256748	0.003397	855.345886
22	-50.823032	0.002206	1006.289307
23	-45.286396	0.004367	503.144653
24	-49.508171	0.002698	603.773560
25	-47.595169	0.003469	503.144653
26	-50.437920	0.002436	855.345886
27	-47.690815	0.003234	704.402527
28	-48.931862	0.002835	704.402527
29	-46.906265	0.003805	503.144653
30	-50.096889	0.002368	955.974854
31	-45.836582	0.004665	201.257858
32	-49.105522	0.002988	251.572327
33	-50.083183	0.002521	654.088074
34	-50.788940	0.002368	654.088074
35	-53.495289	0.001753	654.088074
36	-48.691906	0.003005	603.773560
37	-49.188316	0.002893	503.144653
38	-49.564903	0.002755	603.773560
39	-48.146835	0.003162	503.144653
40	-49.855587	0.002566	654.088074
41	-48.358631	0.003256	1056.603760
42	-47.672539	0.003197	855.345886
43	-25.760542	0.044818	201.257858
44	-25.535381	0.046093	201.257858
45	-27.833485	0.035906	201.257858
46	-29.164265	0.031814	150.943390
47	-25.302992	0.048889	301.886780
48	-24.385042	0.052530	603.773560
49	-20.859612	0.075645	402.515717
50	-17.107227	0.107501	704.402527
51	-14.898769	0.139594	452.830200
52	-12.964975	0.185018	402.515717
53	-12.463422	0.195650	402.515717
54	-13.093493	0.179895	402.515717
55	-15.632499	0.132969	503.144653
56	-23.914839	0.045763	553.459106
57	-22.164347	0.060019	402.515717
58	-21.597126	0.074008	201.257858
59	-27.496174	0.034913	352.201263
60	-24.799669	0.047368	301.886780
61	-29.595142	0.026013	905.660400
62	-19.003864	0.087567	402.515717
63	-17.560160	0.112626	503.144653
64	-18.460325	0.097413	603.773560
65	-18.220028	0.105874	201.257858
66	-19.073233	0.094836	201.257858
67	-19.921528	0.084051	352.201263
68	-21.081778	0.072003	654.088074
69	-20.213097	0.077488	754.716980
70	-17.749477	0.105965	553.459106
71	-19.088036	0.093124	402.515717
72	-21.296988	0.067943	352.201263
73	-20.744804	0.074144	754.716980
74	-18.817566	0.091512	754.716980
75	-21.231590	0.071744	452.830200
76	-19.806637	0.084507	553.459106
77	-25.722858	0.042960	553.459106
78	-29.147282	0.028428	503.144653
79	-27.277073	0.038363	251.572327
80	-28.060684	0.033066	452.830200
81	-28.535242	0.031430	301.886780
82	-30.009741	0.026993	251.572327
83	-33.522751	0.017353	603.773560
84	-33.147854	0.017715	503.144653
85	-39.802944	0.008725	503.144653
86	-38.977589	0.009118	654.088074
87	-34.360756	0.015838	1308.176147
88	-34.388729	0.015732	1358.490601
89	-40.099194	0.008388	503.144653
90	-35.244324	0.014623	251.572327
91	-40.534592	0.007582	503.144653
92	-41.934959	0.006337	603.773560
93	-41.083809	0.006721	503.144653
94	-35.699379	0.014073	352.201263
95	-39.236862	0.009043	503.144653
96	-38.842079	0.008282	704.402527
97	-38.073330	0.011087	251.572327
98	-41.413570	0.007004	402.515717
99	-36.547985	0.012368	352.201263
100	-37.801617	0.010546	352.201263
101	-43.180912	0.005474	654.088074
102	-41.367416	0.007175	402.515717
103	-41.225121	0.007343	251.572327
104	-38.047184	0.010616	402.515717
105	-47.096405	0.003600	1106.918213
106	-39.662064	0.008521	553.459106
107	-38.213257	0.010930	352.201263
108	-42.390347	0.005965	654.088074
109	-46.255245	0.003846	905.660400
110	-42.978268	0.005826	503.144653
111	-40.160698	0.008031	352.201263
112	-39.417011	0.008816	201.257858
113	-44.199928	0.004874	754.716980
114	-43.808590	0.005513	503.144653
115	-39.366982	0.008366	352.201263
116	-41.653378	0.007176	503.144653
117	-42.439053	0.006672	301.886780
118	-44.490417	0.004525	955.974854
119	-43.411495	0.005581	503.144653
120	-44.593327	0.005084	402.515717
121	-43.317440	0.005807	452.830200
122	-46.119419	0.003993	402.515717
123	-44.334263	0.004716	452.830200
124	-45.606762	0.004428	603.773560
125	-43.218620	0.005972	402.515717
126	-47.248848	0.003235	654.088074
127	-47.637924	0.003132	855.345886
128	-47.019630	0.003592	855.345886
129	-46.903355	0.003821	452.830200
130	-48.186565	0.003313	654.088074
131	-48.897511	0.002950	754.716980
132	-45.752979	0.003963	905.660400
133	-44.743092	0.005198	150.943390
134	-47.908112	0.003265	704.402527
135	-50.848198	0.002420	805.031433
136	-47.615841	0.003124	855.345886
137	-50.055386	0.002733	251.572327
138	-45.988106	0.004293	452.830200
139	-47.714230	0.003502	251.572327
140	-44.761719	0.004234	754.716980
141	-45.489620	0.004574	352.201263
142	-43.011097	0.005175	503.144653
143	-42.655960	0.005722	452.830200
144	-45.040195	0.004662	553.459106
145	-45.414436	0.004475	955.974854
146	-43.623692	0.005458	352.201263
147	-43.923904	0.004960	1006.289307
148	-44.502850	0.004865	754.716980
149	-47.333000	0.003404	955.974854
150	-48.143620	0.003290	955.974854
151	-48.575661	0.003021	1006.289307
152	-45.025642	0.004633	553.459106
153	-45.837154	0.004067	855.345886
154	-47.330704	0.003566	754.716980
155	-45.444725	0.004411	603.773560
156	-44.933102	0.004493	1056.603760
157	-38.951134	0.008442	1257.861694
158	-36.884342	0.011795	1207.547119
159	-35.619240	0.014166	855.345886
160	-35.874130	0.012648	1006.289307
161	-34.417004	0.013887	1308.176147
162	-34.441643	0.015196	855.345886
163	-34.602669	0.015122	1157.232666
164	-32.127602	0.020854	603.773560
165	-33.311886	0.017379	1308.176147
166	-31.164513	0.023026	754.716980
167	-34.775604	0.014547	1157.232666
168	-31.285175	0.021045	1056.603760
169	-33.757206	0.016075	1006.289307
170	-34.777088	0.014854	905.660400
171	-34.685055	0.014468	1257.861694
172	-32.850147	0.018075	704.402527
173	-34.617203	0.014625	1006.289307
174	-32.442741	0.019701	855.345886
175	-35.339718	0.014110	1157.232666
176	-33.636932	0.017205	503.144653
177	-31.667112	0.022050	553.459106
178	-34.086571	0.015031	955.974854
179	-35.145557	0.014984	805.031433
180	-37.043621	0.011118	1358.490601
181	-39.235657	0.008697	1861.635254
182	-37.119762	0.011333	754.716980
183	-37.769878	0.009738	1106.918213
184	-35.668629	0.012978	754.716980
185	-34.018642	0.015181	1056.603760
186	-34.382149	0.016596	503.144653
187	-36.026939	0.013577	654.088074
188	-35.749020	0.014431	352.201263
189	-38.337093	0.009840	1006.289307
190	-35.040401	0.014511	905.660400
191	-38.250076	0.010463	452.830200
192	-37.613995	0.010661	754.716980
193	-39.327610	0.008919	754.716980
194	-38.321709	0.010425	603.773560
195	-38.847866	0.009613	704.402527
196	-40.063347	0.007998	1559.748413
197	-38.607868	0.009386	855.345886
198	-41.782021	0.006019	955.974854
199	-38.018639	0.010678	704.402527
200	-38.719437	0.009563	1006.289307
201	-41.934322	0.006229	1509.433960
202	-40.324318	0.007670	1056.603760
203	-39.022011	0.009149	503.144653
204	-39.094982	0.009394	503.144653
205	-39.917107	0.007774	1106.918213
206	-42.659428	0.005297	1911.949707
207	-43.174652	0.005550	1056.603760
208	-44.071663	0.005104	1207.547119
209	-43.734737	0.005150	1610.062866
210	-32.165676	0.020817	452.830200
211	-40.159733	0.008113	553.459106
212	-35.151398	0.013264	654.088074
213	-22.889988	0.061132	553.459106
214	-19.931688	0.086717	452.830200
215	-19.024385	0.093886	855.345886
216	-18.364256	0.096189	905.660400
217	-18.931961	0.088631	1006.289307
218	-17.571445	0.106749	1056.603760
219	-17.381935	0.103908	855.345886
220	-17.155853	0.107650	855.345886
221	-16.478136	0.117246	603.773560
222	-16.767534	0.109604	654.088074
223	-16.316120	0.118621	603.773560
224	-16.234913	0.122695	503.144653
225	-17.938204	0.101826	603.773560
226	-19.083475	0.091111	503.144653
227	-19.828520	0.086202	352.201263
228	-18.942766	0.093977	654.088074
229	-19.222027	0.092801	503.144653
230	-22.012691	0.068825	402.515717
231	-31.762550	0.020908	855.345886
232	-28.274719	0.030646	503.144653
233	-29.204628	0.028738	754.716980
234	-31.270544	0.021890	603.773560
235	-32.350414	0.020585	352.201263
236	-32.676159	0.019654	402.515717
237	-28.819054	0.030424	955.974854
238	-24.035770	0.053241	603.773560
239	-21.030586	0.069654	603.773560
240	-21.440853	0.064501	654.088074
241	-22.090612	0.063215	503.144653
242	-23.166018	0.057492	301.886780
243	-24.016411	0.051013	201.257858
244	-24.418520	0.052084	100.628929
245	-25.208080	0.047775	100.628929
246	-24.842037	0.044371	402.515717
247	-25.640739	0.040036	301.886780
248	-26.819992	0.034781	452.830200
249	-24.021368	0.047413	654.088074
250	-22.953007	0.057210	603.773560
251	-22.296789	0.061663	805.031433
252	-22.629406	0.060950	402.515717
253	-22.545052	0.062694	503.144653
254	-20.397602	0.077679	704.402527
255	-20.761786	0.076011	553.459106
256	-24.307875	0.051057	402.515717
257	-28.681973	0.030016	704.402527
258	-27.867521	0.035661	352.201263
259	-28.798780	0.030210	654.088074
260	-31.945921	0.020845	1761.006348
261	-30.810015	0.024017	2616.352295
262	-31.290390	0.022621	3522.012695
263	-28.142717	0.032010	5283.019043
264	-28.726212	0.028445	5031.446777
265	-27.595119	0.034066	5534.591309
266	-27.039629	0.035053	5132.075684
267	-27.835920	0.033459	5283.019043
268	-28.856499	0.029770	5132.075684
269	-29.378801	0.027092	5182.390137
270	-31.230875	0.022684	4276.729492
271	-32.385635	0.018625	3874.213867
272	-35.474651	0.013206	4729.559570
273	-36.036324	0.012614	3169.811279
274	-38.026138	0.010142	2415.094238
275	-40.383190	0.007724	1811.320801
276	-42.627369	0.005970	2515.723389
277	-41.621708	0.006774	1861.635254
278	-44.089561	0.005163	1710.691772
279	-43.140968	0.005614	1610.062866
280	-42.513763	0.006050	1257.861694
281	-44.461040	0.004892	1308.176147
282	-42.913319	0.005701	503.144653
283	-43.778000	0.005445	855.345886
284	-43.359631	0.005547	1056.603760
285	-46.308403	0.004001	855.345886
286	-39.626358	0.009118	301.886780
287	-40.322529	0.008088	402.515717
288	-43.097431	0.005901	503.144653
289	-42.571335	0.006057	754.716980
290	-45.946190	0.004165	704.402527
291	-43.855621	0.005157	805.031433
292	-45.041344	0.004739	654.088074
293	-43.560978	0.005603	402.515717
294	-43.852867	0.005359	553.459106
295	-46.486088	0.003767	905.660400
296	-44.651672	0.005053	553.459106
297	-45.996937	0.004139	1006.289307
298	-47.261314	0.003490	654.088074
299	-48.811287	0.002827	1207.547119
300	-49.119526	0.002670	1459.119507
301	-45.729290	0.004121	754.716980
302	-45.020416	0.004683	704.402527
303	-44.384918	0.004955	452.830200
304	-43.935162	0.005291	452.830200
305	-43.645206	0.005347	503.144653
306	-46.735573	0.003644	704.402527
307	-44.108429	0.005171	654.088074
308	-47.614136	0.003373	402.515717
309	-43.759716	0.005371	452.830200
310	-43.012875	0.005001	1056.603760
311	-42.944965	0.006043	452.830200
312	-43.022419	0.005999	452.830200
313	-43.839375	0.005148	452.830200
314	-45.705181	0.004058	805.031433
315	-42.634407	0.006488	251.572327
316	-45.559677	0.004255	704.402527
317	-43.155125	0.005867	352.201263
318	-45.259045	0.004427	301.886780
319	-43.849960	0.004957	654.088074
320	-43.381706	0.005890	352.201263
321	-50.755371	0.002150	955.974854
322	-48.458195	0.003086	805.031433
323	-49.803825	0.002499	704.402527
324	-47.514126	0.003424	452.830200
325	-48.281761	0.002874	654.088074
326	-49.427097	0.002764	704.402527
327	-48.864353	0.002858	603.773560
328	-46.994919	0.003757	654.088074
329	-49.327396	0.002953	704.402527
330	-49.596428	0.002699	603.773560
331	-45.593750	0.004163	452.830200
332	-49.810738	0.002592	805.031433
333	-47.097118	0.003505	805.031433
334	-49.109852	0.002585	1056.603760
335	-49.876686	0.002395	1308.176147
336	-46.845402	0.003703	754.716980
337	-47.532745	0.003380	603.773560
338	-48.297939	0.002844	1106.918213
339	-46.249321	0.003871	754.716980
340	-47.429333	0.003381	955.974854
341	-49.138123	0.002902	1006.289307
342	-48.675991	0.003067	955.974854
343	-47.947105	0.003167	1157.232666
344	-47.490318	0.003605	503.144653
345	-48.937374	0.003013	603.773560
346	-49.772449	0.002631	1308.176147
347	-50.969456	0.002359	754.716980
348	-49.141197	0.002921	805.031433
349	-50.359348	0.002494	654.088074
350	-47.456982	0.003341	805.031433
351	-49.902031	0.002748	503.144653
352	-46.250240	0.003818	603.773560
353	-49.194317	0.002964	452.830200
354	-51.774719	0.002032	704.402527
355	-50.436584	0.002468	754.716980
356	-46.787067	0.003732	905.660400
357	-52.009514	0.002027	1106.918213
358	-52.421349	0.002030	452.830200
359	-49.074402	0.002979	553.459106
360	-55.823952	0.001305	704.402527
361	-52.043991	0.002005	704.402527
362	-31.724321	0.016657	2012.578613
363	-40.268978	0.008031	2566.037842
364	-19.744930	0.078714	251.572327
365	-17.386299	0.112374	553.459106
366	-16.628870	0.123807	553.459106
367	-15.860423	0.133408	603.773560
368	-17.026785	0.109293	754.716980
369	-29.160755	0.031099	301.886780
370	-24.794294	0.050492	201.257858
371	-24.449278	0.049702	201.257858
372	-32.963326	0.019497	402.515717
373	-30.935085	0.024172	452.830200
374	-30.658781	0.022415	503.144653
375	-21.083290	0.065700	905.660400
376	-14.104993	0.163930	805.031433
377	-11.813118	0.217469	704.402527
378	-12.042260	0.206604	805.031433
379	-12.934453	0.186427	805.031433
380	-13.620750	0.169621	1106.918213
381	-13.656637	0.169407	905.660400
382	-14.145406	0.157255	1308.176147
383	-16.858799	0.114091	1207.547119
384	-18.631237	0.096835	553.459106
385	-18.419094	0.092861	905.660400
386	-18.117426	0.097404	704.402527
387	-17.246304	0.108359	603.773560
388	-15.048820	0.141901	704.402527
389	-15.136934	0.150743	654.088074
390	-16.446064	0.130342	754.716980
391	-16.850641	0.118464	704.402527
392	-15.233356	0.135884	754.716980
393	-16.087666	0.129382	603.773560
394	-21.515688	0.066779	654.088074
395	-25.005548	0.045061	503.144653
396	-25.491251	0.043869	2062.893066
397	-24.230608	0.046947	3320.754639
398	-22.671064	0.059607	4981.131836
399	-23.458857	0.055060	5484.276855
400	-27.711473	0.033489	4779.874023
401	-31.365314	0.020665	2616.352295
402	-33.052910	0.018562	704.402527
403	-32.868587	0.020337	301.886780
404	-31.574894	0.021945	402.515717
405	-34.848606	0.014882	805.031433
406	-37.856873	0.010442	1207.547119
407	-36.987656	0.011876	805.031433
408	-33.764740	0.014882	1257.861694
409	-23.841158	0.052766	805.031433
410	-22.929865	0.058663	553.459106
411	-23.912598	0.050616	955.974854
412	-22.581274	0.061766	603.773560
413	-21.446644	0.067296	805.031433
414	-20.200071	0.077582	805.031433
415	-19.613840	0.081116	1056.603760
416	-19.355541	0.085279	955.974854
417	-20.488014	0.077091	855.345886
418	-20.527012	0.077456	905.660400
419	-21.620411	0.068413	905.660400
420	-22.396872	0.065833	704.402527
421	-24.510357	0.050262	654.088074
422	-26.816906	0.038052	503.144653
423	-27.004847	0.036797	402.515717
424	-31.400576	0.022466	905.660400
425	-31.954969	0.018771	3773.584961
426	-29.360165	0.026990	4578.616211
427	-30.504349	0.023120	5433.962402
428	-28.734709	0.027883	5283.019043
429	-28.752907	0.029433	5635.220215
430	-29.252478	0.027955	4930.817383
431	-28.528749	0.029683	5132.075684
432	-28.975374	0.028707	5735.849121
433	-30.154034	0.025011	5433.962402
434	-28.168858	0.031669	5735.849121
435	-29.754866	0.026647	5182.390137
436	-30.389109	0.023896	5433.962402
437	-31.472149	0.020251	4729.559570
438	-36.664745	0.011720	3672.956055
439	-38.866894	0.009233	3018.867920
440	-42.195698	0.006408	1811.320801
441	-42.378323	0.006347	1660.377319
442	-43.112389	0.005397	1408.805054
443	-45.562809	0.004354	1157.232666
444	-47.187935	0.003389	1509.433960
445	-48.466732	0.003049	1257.861694
446	-48.156761	0.003147	905.660400
447	-48.454803	0.003018	1106.918213
448	-48.812962	0.003079	905.660400
449	-50.063843	0.002591	955.974854
450	-50.010521	0.002663	603.773560
451	-52.763714	0.001824	1509.433960
452	-49.768295	0.002468	1006.289307
453	-51.104347	0.002250	805.031433
454	-51.062382	0.002292	1157.232666
455	-48.706566	0.003133	503.144653
456	-52.663952	0.001985	905.660400
457	-52.015053	0.002052	855.345886
458	-51.205448	0.002372	452.830200
459	-53.022659	0.001706	955.974854
460	-51.789936	0.002206	503.144653
461	-53.685215	0.001772	603.773560
462	-55.326134	0.001421	905.660400
463	-55.036549	0.001481	805.031433
464	-57.448502	0.001023	1106.918213
465	-57.786369	0.001050	754.716980
466	-57.867973	0.001004	1358.490601
467	-58.892380	0.000897	1207.547119
468	-55.800697	0.001313	855.345886
469	-54.267033	0.001439	1157.232666
470	-53.633842	0.001702	754.716980
471	-51.859406	0.002094	452.830200
472	-51.279415	0.002338	503.144653
473	-52.835011	0.001761	754.716980
474	-51.680641	0.002075	452.830200
475	-53.239788	0.001760	905.660400
476	-53.386440	0.001821	654.088074
477	-46.822334	0.003551	704.402527
478	-43.742584	0.005012	1207.547119
479	-37.630066	0.011393	352.201263
480	-35.981659	0.013831	452.830200
481	-31.030239	0.023327	452.830200
482	-28.245146	0.030164	654.088074
483	-27.641592	0.033500	452.830200
484	-27.180073	0.036666	402.515717
485	-26.181770	0.039120	301.886780
486	-25.559061	0.042592	301.886780
487	-26.133001	0.039351	301.886780
488	-26.634014	0.037847	402.515717
489	-26.410778	0.037497	402.515717
490	-26.507555	0.036300	301.886780
491	-27.446287	0.032720	503.144653
492	-26.956114	0.034490	301.886780
493	-27.123589	0.033955	352.201263
494	-28.617783	0.027950	452.830200
495	-27.670366	0.031551	603.773560
496	-27.642694	0.032487	503.144653
497	-26.796530	0.037003	402.515717
498	-25.749582	0.038715	603.773560
499	-25.447418	0.039558	603.773560
500	-26.573803	0.032700	1207.547119
501	-25.762690	0.038684	402.515717
502	-28.999199	0.025524	905.660400
503	-28.998287	0.027884	654.088074
504	-27.728624	0.030815	553.459106
505	-28.384733	0.027894	955.974854
506	-28.739414	0.025982	553.459106
507	-30.803471	0.022804	553.459106
508	-30.625315	0.023499	704.402527
509	-30.214468	0.023859	603.773560
510	-29.393602	0.026366	754.716980
511	-30.552301	0.023943	603.773560
512	-30.079010	0.025413	402.515717
513	-31.228050	0.020823	603.773560
514	-30.720915	0.023804	603.773560
515	-30.981890	0.020928	704.402527
516	-29.076513	0.026961	452.830200
517	-29.386360	0.025860	452.830200
518	-29.067394	0.024873	352.201263
519	-29.095125	0.026192	704.402527
520	-29.175926	0.024704	754.716980
521	-28.666368	0.027275	452.830200
522	-30.285225	0.025524	402.515717
523	-29.169489	0.028820	301.886780
524	-32.671928	0.017635	402.515717
525	-32.041378	0.021861	150.943390
526	-34.982292	0.014573	402.515717
527	-33.252159	0.018171	201.257858
528	-33.189972	0.018573	100.628929
529	-31.914373	0.019557	301.886780
530	-32.336113	0.020094	201.257858
531	-33.328938	0.017703	201.257858
532	-32.023079	0.020731	201.257858
533	-28.221552	0.030063	251.572327
534	-26.045616	0.038626	352.201263
535	-25.639355	0.038845	402.515717
536	-24.488079	0.043831	654.088074
537	-24.315109	0.046084	603.773560
538	-24.376642	0.046953	553.459106
539	-25.332235	0.040380	603.773560
540	-27.356878	0.032303	654.088074
541	-28.931129	0.027407	100.628929
542	-26.905706	0.032526	100.628929
543	-26.784615	0.030886	603.773560
544	-26.673016	0.034665	150.943390
545	-26.597208	0.033513	301.886780
546	-27.483910	0.034033	251.572327
547	-27.599043	0.033378	201.257858
548	-27.337673	0.032697	201.257858
549	-27.960482	0.030564	201.257858
550	-27.061190	0.034321	100.628929
551	-28.628761	0.027962	503.144653
552	-25.671642	0.037181	603.773560
553	-24.441591	0.045629	503.144653
554	-23.474997	0.051151	603.773560
555	-22.739445	0.056669	402.515717
556	-22.725056	0.058970	352.201263
557	-22.294014	0.062297	301.886780
558	-22.419352	0.060254	503.144653
559	-23.257133	0.053342	603.773560
560	-24.326231	0.049728	402.515717
561	-23.709227	0.049966	352.201263
562	-24.097282	0.045840	704.402527
563	-25.084005	0.043099	704.402527
564	-24.500353	0.044344	503.144653
565	-23.790293	0.049916	553.459106
566	-24.980726	0.044215	503.144653
567	-23.846254	0.047976	654.088074
568	-24.795240	0.043470	553.459106
569	-25.919891	0.040605	603.773560
570	-24.894510	0.044087	402.515717
571	-24.875008	0.043087	754.716980
572	-25.515354	0.040162	603.773560
573	-25.141542	0.040419	603.773560
574	-24.940119	0.039800	603.773560
575	-24.767370	0.040365	754.716980
576	-24.331226	0.043152	805.031433
577	-24.810719	0.041148	704.402527
578	-25.351551	0.039779	603.773560
579	-25.477961	0.038233	855.345886
580	-25.351633	0.039878	603.773560
581	-25.438591	0.036460	553.459106
582	-25.626484	0.036418	754.716980
583	-26.978928	0.031195	754.716980
584	-27.970940	0.030080	754.716980
585	-26.533714	0.033649	654.088074
586	-27.489885	0.030200	654.088074
587	-26.536854	0.034675	654.088074
588	-26.288074	0.033246	704.402527
589	-27.168028	0.032787	503.144653
590	-29.153437	0.027632	503.144653
591	-31.031420	0.022844	251.572327
592	-33.393177	0.018199	251.572327
593	-35.140396	0.012854	402.515717
594	-36.530800	0.011542	603.773560
595	-34.924286	0.014761	402.515717
596	-31.152136	0.020882	603.773560
597	-27.791790	0.031271	402.515717
598	-27.840715	0.029278	402.515717
599	-26.733561	0.034244	553.459106
600	-25.767712	0.037649	805.031433
601	-24.871513	0.043336	452.830200
602	-25.266497	0.043628	452.830200
603	-25.416170	0.038368	402.515717
604	-25.727436	0.038716	402.515717
605	-27.009701	0.034952	251.572327
606	-27.137247	0.035505	251.572327
607	-28.769028	0.029492	251.572327
608	-25.592356	0.039218	503.144653
609	-29.218695	0.029644	402.515717
610	-27.288198	0.034572	150.943390
611	-26.583683	0.035777	301.886780
612	-28.652771	0.025939	301.886780
613	-28.009520	0.030034	301.886780
614	-26.868568	0.032111	150.943390
615	-27.094139	0.033096	452.830200
616	-27.070498	0.032261	301.886780
617	-26.389065	0.036373	301.886780
618	-27.660009	0.033645	553.459106
619	-28.764441	0.027705	603.773560
620	-29.424013	0.025010	503.144653
621	-31.593809	0.021198	452.830200
622	-27.913021	0.032983	301.886780
623	-30.724751	0.022449	301.886780
624	-32.138802	0.021985	150.943390
625	-34.567738	0.014812	352.201263
626	-36.730537	0.011459	905.660400
627	-42.608532	0.006121	955.974854
628	-30.555777	0.022542	704.402527
629	-28.877279	0.028993	301.886780
630	-28.585621	0.028472	402.515717
631	-29.502430	0.028808	201.257858
632	-29.156103	0.027057	503.144653
633	-30.701975	0.024911	201.257858
634	-32.928471	0.018658	704.402527
635	-33.263546	0.018139	654.088074
636	-34.444084	0.016136	352.201263
637	-36.949669	0.011440	905.660400
638	-38.330154	0.009625	1509.433960
639	-37.760395	0.010426	1207.547119
640	-32.420673	0.020528	553.459106
641	-35.081047	0.014388	1257.861694
642	-37.951828	0.009562	1861.635254
643	-33.960522	0.016092	704.402527
644	-34.109562	0.015378	805.031433
645	-37.113747	0.011121	855.345886
646	-33.961933	0.017082	704.402527
647	-38.108574	0.010105	1358.490601
648	-36.033134	0.013037	955.974854
649	-38.494350	0.009947	1006.289307
650	-36.599243	0.011491	1358.490601
651	-36.998814	0.011571	754.716980
652	-40.476833	0.007458	1660.377319
653	-39.175690	0.008859	905.660400
654	-38.436020	0.009631	1006.289307
655	-40.772488	0.007680	1459.119507
656	-40.376747	0.007686	2062.893066
657	-36.518703	0.012492	754.716980
658	-39.591801	0.008914	1106.918213
659	-39.481976	0.008681	1911.949707
660	-38.395752	0.009738	1157.232666
661	-39.402588	0.008767	1358.490601
662	-39.952690	0.008277	1358.490601
663	-39.933998	0.008427	1207.547119
664	-39.153416	0.008685	1509.433960
665	-37.819111	0.010370	2213.836426
666	-36.492271	0.012389	1459.119507
667	-38.651379	0.009199	2867.924561
668	-38.203449	0.009917	2163.521973
669	-38.572128	0.009432	2012.578613
670	-38.806835	0.009570	1660.377319
671	-37.177460	0.011328	1509.433960
672	-40.836578	0.007098	2314.465332
673	-41.170406	0.007119	2163.521973
674	-40.123734	0.008352	1962.264160
675	-43.215919	0.005528	2666.666748
676	-41.186752	0.007133	1559.748413
677	-43.071999	0.005570	2012.578613
678	-42.752075	0.005896	1811.320801
679	-42.336670	0.006115	1610.062866
680	-40.715073	0.007288	1459.119507
681	-43.194229	0.005438	1911.949707
682	-43.544212	0.005399	1911.949707
683	-41.074604	0.007258	1509.433960
684	-41.495373	0.006581	2213.836426
685	-39.690521	0.008172	2012.578613
686	-37.882965	0.010106	1710.691772
687	-39.985962	0.007699	2012.578613
688	-38.844467	0.009128	2062.893066
689	-39.501945	0.008603	2163.521973
690	-39.217350	0.008795	2062.893066
691	-36.459721	0.012321	2716.981201
692	-37.735611	0.010836	3522.012695
693	-34.837494	0.014937	1911.949707
694	-35.009560	0.013879	2716.981201
695	-32.775715	0.018560	2515.723389
696	-33.108383	0.016991	2616.352295
697	-33.549782	0.016807	2767.295654
698	-34.550983	0.014653	3270.440186
699	-34.727921	0.014971	2515.723389
700	-34.795563	0.014559	2062.893066
701	-34.711075	0.014561	2415.094238
702	-34.192013	0.014867	3371.069092
703	-34.200249	0.016643	3069.182373
